"x1"
0.825156200939433
-0.13619124979580474
1.7992548094594971
-1.104383292992129
0.10848097145565462
0.8479162163619115
0.5949706804435368
0.4279090211227828
1.1079660978130559
-1.5962988631088784
0.25989707779870364
0.4663086943131637
-0.3919576066101382
-1.288927960957566
-0.08111315760776971
-0.6662650256183419
-0.630814741681354
0.6454790563174173
1.13580872262362
0.8379964780961524
-0.0799246177593996
-0.5800843355922898
-0.4387702731149963
-0.5042858458207314
0.0012495783650486236
-1.389955903519692
-0.4821758306182083
0.3839979294863078
0.3126572456108897
-0.33856597005009464
0.17824576718381163
0.007541528206332401
-0.03222208961967493
0.03704383125179444
-1.525082270589168
-1.4408863549439268
-0.08789055046010402
-0.23912647730640826
-1.3426658027254874
-0.4679856866677256
-1.2401064426390593
-1.2384761987584743
0.1766983746369227
-1.0198615831842877
0.8305441585121899
-1.4260266659719787
-1.062426745485554
-0.18059344618442674
-0.7792124017891849
0.20108009453570339
-0.39607292077168643
1.1113798400751829
-0.2687142882698926
2.2858294649134305
-0.00119442020718918
0.8729747434042806
1.3221375148350687
0.6346908255993124
-0.9611868737662628
-0.46028765864955357
0.9476400830565346
0.32060923765186666
0.4982972465694152
-1.317074408342367
0.1431480547985834
-0.38887917896850654
-0.01653802057118619
-0.5451834759776503
0.13323968501086753
-0.021714801303980617
1.6326868249717172
-0.07372646349878224
0.009275324748154191
0.9968903640385783
1.4319586745069863
-0.27863863278679685
0.18314474353215668
-0.06779813233437669
-1.612809018801593
0.9226340815797152
1.29069196187616
0.05683717557574437
3.124318593443059
-1.0124161064038597
-0.28715298455425015
1.5475101145010626
-0.11556009086388684
-1.0433523046644362
0.30077062196830734
2.7183944508338844
0.017529407674652085
1.0662333651616547
-0.8089189600547338
-1.175538337901899
-1.1710373555532807
0.6835154245644744
-0.7665852772824016
-1.918957270659317
0.11702518739433772
-1.2305050259781172
1.0102928065517993
0.7282200117879087
1.9016982514072045
-0.36888674768204793
-2.2895905972982606
-1.3166019750598295
2.5483208898247103
-1.1434955717124298
-1.365734006824005
-0.3602461744451186
-1.2367794349539312
1.6417595034984556
0.7612395595485809
-1.8534331352075708
1.5909826424480042
0.102193070102211
0.8545444889487256
-1.1181854077831388
-0.6367201621923837
-0.27788571582494603
0.988027300039114
-0.15833764284662508
0.3885790331353395
0.618079857790197
-0.2614930295213064
1.9821267074724982
1.1932460546819013
1.140110494626469
0.843689267655445
-0.6956366289268303
0.17404214583167332
-0.15156360397587096
0.9331744539977493
1.9514417426261772
0.15991438966878682
0.6507176055715019
-0.11390296246278847
0.02220349339779066
1.6254676981101484
0.9741675069453785
0.2628347548441931
-0.7482605145492729
0.3513428690933362
0.002488464029437282
-0.6949663889620127
-0.8462990218031657
-0.10884891545390497
1.3884046857302377
2.729445820551839
1.6302778629056764
-0.36792522369791164
-1.5099005178658766
-0.05528883473746865
0.18569890929669852
-0.3339535425294759
-1.1635381621752476
-0.5720644165807692
-0.9829770848688132
0.9822822445625023
-0.9768429008119297
0.008154305444488837
0.4266369330181917
0.37847076773415456
-1.6948699760651562
-1.5531425959603435
0.9078602420505221
-1.2008763348459806
1.8475966902769678
0.8379852615245372
0.41953291712114593
0.861525601405543
-0.20862181592122075
-0.6624402142053086
-0.25734399715955647
2.094064358256568
-0.7358332565889397
2.110576071498333
-1.1413899031950443
-0.21345648146548854
-0.9408494363197376
0.6341198754901243
-0.5155642754205254
0.6183000885232028
-0.6315641898502293
-0.3091091627491842
1.5768225577507784
-0.6815274819963835
-0.6130101957958132
0.605999681311456
1.4359569282201274
0.37619020514195034
-1.052003436491094
2.006165198118277
0.45094019602666574
-0.09982010028904506
-1.3307695765611813
0.7638568575849538
-1.7873946422908527
0.3813870602943384
-1.4395736158289636
-0.4088361702003478
-1.516945059963849
-0.520893143837836
0.5106152703659668
-1.8898609632139673
-0.6212558860927674
0.30423375743841535
-0.44110307123476084
0.8658098173642257
-1.0023986319957692
0.31016224941683607
-1.1483034507509462
0.782603001925965
-1.0667469939872807
0.25032695818751377
-1.3318068112876764
0.4707150121846368
0.1611134327941528
0.3923682520698269
0.20483491802678422
-2.0115667870090204
0.16225452526489234
-0.8042222347395631
-0.3554426048300312
-0.2895644050953529
1.4045799502043173
-0.9560332307222564
-0.43791639961957096
-0.8694008603311896
-0.042566488390867754
0.8498592837097624
1.499491521494454
-0.5184225058688992
1.5450722806252783
0.6921663616623136
0.29679437718353896
0.6394740649295387
-0.26264635516415097
0.55173629984778
0.20341543884506785
0.41052460590863105
0.11506707676591536
1.1274930637855678
0.17070289665380417
0.9746272376437478
0.1820972978630922
0.2718102677901078
0.6500304921434158
0.5264904831050543
0.1417275880590126
-0.6085163875132199
-1.131574838014216
0.3881780115667518
0.6206194004441203
-0.2535150437627753
1.675733361231698
0.6098239355865941
0.3261963019745808
-1.2821660632229595
1.6097715421054721
-1.4507878031322263
-0.4338299293790683
0.12912659446021338
-0.288205304470956
-1.2132705181272156
0.2777893418068963
-0.6417207530049402
-1.4388313538524207
-0.39188919597096245
0.0651823097382063
1.013630663300725
0.36585850327046615
-0.7156034341569465
