"x1"
-1.1609425037521484
-0.19200306942140327
0.577981936652876
0.6515871974961209
-0.11720496291137127
-1.3687905574379189
-1.1490180423578396
0.7883291337296298
1.1097930505978932
-1.2680508886996393
1.7748625310371338
-0.4272999784484651
0.3236158987379535
0.49703136228739575
0.07655882421924565
-1.8643413681634124
-0.33682028296948613
0.5951189859757816
0.4056811841615598
2.606900390009408
-0.11446949269290232
-1.6876494525220558
0.051875621988754714
0.4120564984390725
-1.7313112123783532
2.2150774373532522
0.868854735890807
-0.3999950405327839
0.49379304215823494
0.5290467400643757
-0.7662603106604077
-0.3045959981833806
0.945221368677289
-1.202697357165664
-0.09504120037045062
-0.5732873518525056
-0.6584055373741073
-0.0023821591668959237
0.29498939201032176
0.13873285234241875
0.37738473702919045
1.1393286296203713
-1.351532762464892
-0.868075230970705
0.705529279637532
-0.15135637565530966
0.7112305852755546
-1.1313328606030773
-0.9464282690139479
0.569762237635896
0.9687519547458229
-0.3002619379612017
1.004122509766877
0.3078407339835521
2.180198066438601
0.4195724433191487
3.069098838605913
-1.999635889663145
0.12097990080973842
-0.11442331388503509
0.7204291993512275
0.7877751186079137
2.9239059458920456
-0.9242307707004557
0.10171689266681773
-0.08213730161607122
-1.615810825342178
-1.0246165588379788
0.9110105326357377
0.29742316503894856
1.447815335475326
0.5163444967672859
1.4448575635634748
0.6151586340817201
-0.7544159354537155
-0.676396939022828
0.391130683892895
0.4635762473553993
2.824739705829728
0.3836679496855108
-0.8250280525022932
0.8474645249192355
-0.5607813000583266
-1.1615738385201966
0.6343327399648216
1.6450585993628568
0.04044431887045969
-0.11150794465860209
0.7225641340188806
-0.8720000953409646
-0.09368599155106531
0.8362772428653727
1.4953535512361311
-0.8622269618976072
0.5107293070594079
-1.8859822865735647
0.4236611708830621
-0.8704560520867664
1.3750607596981297
1.292905879149106
-1.0210940563411317
1.7057235423856503
-0.1760508920695454
-1.551694944720422
0.743878275435296
1.122100162189292
-0.43634963870253524
-0.672488737818625
-0.7746837644503273
-0.642958708812463
0.6165970427164413
-1.090900894185075
1.925988313177424
1.3956067670709738
-1.2110423023260912
0.13360530754954525
0.2987966417554308
-0.01273020558333141
-1.4323568981220243
-0.8227784001188129
0.06313864916606836
-1.0630265181742096
0.4618815135973043
-0.6080885065143427
-1.0352010100064755
1.1307046779613719
-0.01710690086993449
-0.05053949212325805
1.126231608588966
0.15933524624889106
0.2561817309094935
0.7238873175914124
1.0019672765255714
1.4651852928700313
0.40070664408326473
2.083227461234472
1.8767098691220736
0.6791716739929764
1.0715455170226365
-1.1785862241617244
-0.5932286741150355
0.5080092061413777
-1.8736803662147237
-0.47494542780043514
-0.19982990050148386
1.484567532029096
0.05473102538990757
-0.7687946861218586
-0.6894646349254929
0.897320512960594
0.5864664336786678
-1.0818605762950582
-0.658526777324053
1.2665581575711662
-1.8016715364561815
1.6346527052617643
-0.04319781268193612
-0.5409410163892282
-0.5758219475626896
-1.2595142722856527
0.2403274259477602
-0.8388837036076234
-0.9833292814300123
0.9369118242893015
2.697346466157488
-0.8781977408930407
0.045059177000499794
-1.07140462504442
2.4709126076712864
1.5227254969568027
-0.9869821493019895
-1.6916649633259169
0.02281430488793529
-0.2150800761087955
-0.25414745223405566
2.0138610246054007
0.16286345600052152
0.40341972045738717
-0.12015854082421541
1.979376472687787
-0.3554375573021835
-1.568635576575067
0.12555490712525047
-0.5000060867895986
-2.020526118933463
1.9868636721794735
-0.006298184473678832
0.2050868251447258
-0.11081475066276861
0.9828586883380985
-0.7152672878193668
-1.4178837737275862
1.2879462848789116
0.33990959896830863
-0.4558342569818651
-0.6446931041458625
0.9413777837625923
-0.21413355077973553
0.012982963012701057
1.0450683667038267
0.5335718908168918
-0.00918542036345684
1.546175310668744
-0.39217175869420223
-1.5068263708591103
0.4304933644025645
0.9776715371814945
-0.853329137269193
0.6193329411208637
0.45197328157641087
0.8076048836235643
0.4418638761877025
-0.3484849659647261
0.29538731912000904
-0.45838970321866185
-1.3423435587171668
-0.19218871208364902
0.2574283627366928
0.06982687201530748
-0.34042602169221464
-1.3322838362805431
0.3956008901143834
0.48719267116886766
0.10713148582858589
-0.5353295452354453
1.0232188421734254
0.378139056495017
0.17397900939054217
-1.3796526382414187
0.5980602228589842
0.9862820926817063
-0.8337699633766218
1.5150174245804178
-0.44966574551356
-1.4140539599746833
0.07230441528021064
2.2066025305058115
-1.2793268137595715
-0.4411696301195724
-1.7464947744965538
-1.2768870179691953
-0.4941023554731632
-0.14199714498277918
-0.6242540002838496
0.7797532967352439
-0.6041426853304737
-1.302335573433697
-0.6565506671442071
-0.19011041190383718
-1.3787164601659938
0.4019176274245464
0.6681183313399639
0.2579958008609956
0.08613275586288735
-1.0126259385932184
-2.132268847709326
1.1982123921719563
-0.6032710292725181
-1.8142837071712716
0.733644296948934
1.6526130033775703
1.1007682523972353
-2.5082793930039506
0.3075840505291018
0.8466705776016481
3.262467728670206
-0.039859477235420056
0.7885557460227626
-0.2292368890318092
-0.2389618770786686
-0.07368230349085551
1.5640279591805122
-1.7274147147995371
