"x1"
0.8548774828420016
0.4560519864624178
0.24937824337613165
0.7260965154072971
-0.7900220094378859
0.1785270818510675
-2.8533709389294684
0.8661002545172493
-1.0279590590436056
2.296893518209301
0.5907339076160174
0.6340032404731756
-0.9444894584257768
-0.6071163424679304
0.5457030149895072
-0.3231721879935852
0.969338508622666
0.11134493775266037
-0.4546510801147368
0.10609325487150889
-0.7055560452382955
1.284760009747457
0.12825293692133316
1.0481877912478195
1.6213951081735465
-0.1153214623840063
2.0005059889561214
-1.6867790746750246
-1.087263645693426
0.419098895999415
-1.2166568594040914
-0.7578874338605511
0.6258664766544317
-2.1902695129050405
-0.4466003608139292
-0.5068484495400744
0.0920434380457219
-2.2608155778918926
0.07121352191477087
-0.3035333911755196
-1.0180781868316535
-0.12155431734906069
0.844706228645576
-0.1009079785651677
-0.8315042172077961
0.024587359060932554
-1.0100394937281205
-0.20488196593016425
-0.9553037838723017
0.6623119332376614
-0.5592230873231455
-1.6144023200573852
0.6832881088078744
-1.9551912874323099
1.1853634668334467
1.584493214758827
-0.14427085000800188
0.010576004035937999
0.019724982435387537
-0.5887363322624152
-0.4036499882602226
1.2481227635202439
-0.5332946574801968
1.0564638193751525
0.6268494526465117
-0.10232100051629622
-1.5906572541459907
-0.8688827705152019
-0.4165758443485351
0.04668120889864757
-0.47896945331628965
-1.2646307338954683
-1.5140337889185298
-0.44186168038904045
-2.3495623762865843
-0.34060596371713553
-2.156317042010857
0.8621023603474979
-1.8837415266921163
1.4966318375991265
0.6383764340159342
-0.3508541474228461
-1.1164019119028061
-0.00973154647924487
0.30169621481345776
0.45878218852177177
1.7682521383112406
-0.81025470066963
0.04754139105185779
-1.6190787770355635
-0.3238281205513578
-0.3368443375973613
-0.6516302611008741
-0.8743656729822114
-1.945231200473885
1.6388761704740658
1.5569955744756416
-0.18580733180484058
-0.9588319286678549
-2.142965143840243
0.49000586969362697
0.06266232353222971
0.6545159391500572
0.9260594324548389
0.20865864888616723
-0.5129194799558303
-0.5775129841755571
0.9778160403543606
0.6792756792494837
0.38837278984747386
0.13191847323757605
-0.819151232090777
-1.3607834162650772
0.6821777138795443
0.9072850442124171
0.7235637167809825
-1.0914504705570711
-0.10212524445276243
0.5237094168241652
-0.12626775577813742
0.7663260031530427
-0.19121273271830133
0.7606522842574025
0.2891454141049636
-1.4282946390428257
0.9788545429042155
-0.17724613217474305
-1.3868194242212157
0.7424043671860084
1.0782638575444314
-0.21752665248970116
0.0017148947926587288
0.6255484191494067
1.6783071472346425
-0.12881291693060218
-1.0357408720266397
-0.47533889962144105
3.1512146720283893
1.0346238738842972
-0.8217258714281114
1.204023774711922
0.8116482793597012
-0.02580343812174327
0.13050470075455234
-0.33708768544824025
0.9467717069214684
1.2636678811845696
-2.3030421076928764
-0.12079862014936957
0.17666340989450396
0.22796682700558946
-1.7951628376279705
-1.00507151511199
0.13782916402790615
0.5898590643115244
0.7290696244729518
-0.056520490296659516
-0.04299599055327263
1.313264333282084
0.27253984444923035
-1.2932080552471683
0.24160045123094628
0.659230236511984
-1.212770871768499
-0.3286137570069975
0.9562312914291693
1.8122463397820083
1.4068251610888067
-0.0695617860310363
0.5227463034511827
1.3749932835372043
-0.4494504453812136
-0.3390590014971783
-0.25189712803252634
0.6767501619162288
0.7773819910937686
-1.789410220931236
1.0010770097716477
-0.7100233073752524
1.029192836947457
-0.30283121001761487
0.34585368049685883
0.5386597116013441
0.1994038130029717
-0.5107549064710983
0.4643441853508224
2.62007844643871
0.5319185764392717
-0.4851452943391165
-1.3294501395250151
0.15450166900462114
-1.1864353875651112
-1.2361229348113316
0.18224398053570717
1.1127995085405078
0.010679765556010827
-0.18249375703274118
-0.312160631418987
-0.5042157715557561
0.3744462655985015
-0.7895305066584845
-2.6327450055586006
0.02026966791912738
-0.41491152724995717
-0.497224603996269
0.8443712991201009
-0.0986638807900083
-0.6013350833677585
-0.43062043989486876
0.13704115110898005
0.7870830192444292
-0.4177690861101571
-1.253507794167755
1.1295759978197228
-0.24871838580019404
0.03941994806972455
0.3032798044722821
1.3195236583509085
1.8401484912985955
0.21551230256754342
-0.014834363610574703
0.41896690575205137
0.8596068113806753
1.0220251209287894
-0.34585093415138907
-1.548655305624818
1.049898996990639
-2.8147665615289
-0.8705959999382382
1.768848472320415
0.1432872179844097
-2.196656378958192
0.2900766831264627
1.9141211961644486
1.1545055133924769
-0.7755493909522158
1.5596152797650011
-0.24785568513553524
-0.029869363512619866
-0.8446867817787626
-0.9478571224947436
-0.39061880043204517
-2.086670817372562
-1.6500969831470094
0.042449995632299564
-0.6855883151226656
-0.6313718428446322
1.4308755794133106
2.0749825244080675
1.6105201329959251
-0.9997768863727005
-0.6138524534812827
0.16332088688296542
0.19736679201521415
0.42708319693348834
1.3310858235445193
0.14764144102204502
1.2344014658874891
-0.06262912799282605
1.6981247615634547
0.745760022896346
-1.2218952602355877
-0.5715674128722149
-2.219341647993883
0.8684379874421293
-0.04891158816521266
-0.6999176577379574
-0.2960211701588771
0.8047079813185941
-0.01001797409350432
1.254252169077612
-1.1716464902771562
0.46521009596330737
