"x1"
1.1524745867478605
0.13277193762814965
-1.1812056679760492
1.3084072697295053
-0.3726180419462616
0.8817160139297816
0.6208328782439763
0.8462905517316545
-0.27451484906745244
-0.5734932337841947
-0.5433270228852317
-0.20594816627575477
-2.381383953296686
-0.952539183118715
1.0638304508945329
0.23745788510368965
2.0765431474884872
0.8362686215120259
0.40679056576368977
-0.1973537715836528
0.7376223954671492
0.47914911804336535
0.123892834184582
-0.27097044634740913
-2.6273981339073993
-0.4987134771226696
0.08182931480318585
0.06271981803961879
-0.35076698047036203
0.14891084177869107
-0.22167845507953607
0.13105150326944962
-0.8954865874262873
-2.5991778979112783
-0.7262412772788457
2.1619447876295617
0.1713251271103708
-0.6169282510157554
-0.5117410144815443
1.5600696986005596
0.2078998447606647
1.0577653016664748
-0.21997607112329112
1.3308298996034031
0.14128825166040532
-0.08541243409544698
0.08928174992145779
0.4798881756377317
-0.7394167366157237
-0.6357559693783907
0.07568261040447197
1.4528570085121595
-1.2079189602460176
-0.2017657745270218
-0.07620998312184495
-0.30420165880389033
0.30504934531522754
-0.47935690712903745
0.5569837956594831
-1.6704355359969572
1.11969586992959
-0.23832634399885072
-0.45437223957790857
2.0885797666683175
1.3412582458213407
0.145300189379367
0.8938852672773765
-1.3131044327888775
0.9994669727325319
0.23056657738571848
0.8275353424133435
1.206138074723419
0.1995961158810182
0.7524745980334822
0.17056549345575361
0.7747631777217553
-1.4033137146860495
-0.1947163932289525
-0.49434143721931095
0.5686100438844073
-0.7997808186662329
-0.4645439789555292
-1.957373590171532
-0.8455950022805849
0.6235249160591664
-0.6198129946090122
-0.0913143466283029
-0.15650077346438604
-1.1858532682926752
1.5222693788439343
-0.43881997292643665
0.016905575882719334
0.6137499719225843
0.15794114157783035
-0.2225537866400913
0.029460520662888217
0.5185647070907937
-0.2752430528657675
1.0107978559270463
-0.4899845943580537
0.42848443373628714
-0.8897003928635907
-0.3471918585918073
-0.07057372416300674
1.3590935385563585
-0.27622709748591684
1.597010870164738
-0.02589203734328707
0.46845161492676685
0.014107858528196642
-0.8568924967872403
0.7638724713652006
1.5656208544853134
0.8777645087081587
-1.3128001396320201
0.5921680001678374
-1.5520370869298479
-0.46109376892663934
-0.09307585696135545
-0.2983667089832168
-1.840470165633574
0.024444037082591914
0.8224118682409306
0.09647199311730181
-1.0172956201270527
0.5537559149189224
-1.9246272099770743
-0.9292491097153828
1.0846938369103514
-0.8281572256683849
0.0814025979444536
1.2500887111451808
-0.4358631087253144
-1.115358345689973
1.1492628156587454
-0.11218131888371889
0.5545877767912957
-1.4689516268529221
0.05714284214767433
-2.4672625339100787
-0.3504925849209691
0.2017723856403366
-0.7247206976569199
-1.0311499857140385
-0.3126535822620524
0.3864667195035178
0.1100997236012233
-0.30104605072331786
-0.85316451876549
-0.5252212129415537
0.9557617541688886
-0.3903306666319088
-0.7029818850233333
0.6792987899414228
-1.1615240470834878
1.3496566119320768
-2.5496686104288964
-1.0957880343275386
-0.2730708187609759
-1.437126476092288
0.08341763320751519
0.008118961285724492
0.3022520755579615
-0.34795177426021257
-0.585151703365699
-0.8420643387435566
-0.27100044794068284
-0.5218538031190414
1.3344614577819884
1.2317603651621327
-0.5463594371843726
0.8609602079684947
-1.4626007842854163
0.43274606567675294
-0.5099794353741707
0.4921791438493273
-1.8169686792470596
-0.13891838481322696
0.2441701965976569
-0.2858725217271917
-0.5859194791278494
-0.5191007212492302
0.13026754606398902
0.01317993009086181
0.10716954970871642
0.354840538224223
-1.2945547582809231
0.12310389973073145
0.6481640151456123
-2.058751982069952
1.5522107696057226
0.6216064548768705
0.9045264902106298
2.0679171427126892
1.547808345914827
-0.4315039376200465
0.059117835786708706
-1.5737165904503339
-0.30975266657996825
1.04564205456253
1.246661962369662
-0.539462011678753
-0.3639032757740699
-3.0063020854379725
0.48141624580471865
0.21575845327370066
-0.8654862935578888
0.9945205162016996
0.9988781666080584
0.2537449996416714
-0.07240215979779065
-0.49091140438558845
-0.9435236246802191
1.5143123441656194
0.4555999760003749
-0.12041235533680379
0.5447475932110969
-1.5063928183035082
-0.7577962735249274
1.7805610825354705
1.019644321528725
0.9889389089143635
0.15468401861560224
0.38100780726050126
-0.672024247186092
-0.6276189062787813
0.6941183595179062
0.11630685820742251
-2.063352937634449
2.3652980472168554
0.040781271864301354
0.8499127246516686
0.8887900162295366
0.715065366866774
-0.6944015358147512
-0.13789865630315984
1.8346127903713163
-0.3567057715473515
1.182682464389546
-1.7235714940570641
1.3583377482726033
0.2738775203471443
0.7669398333705618
-0.8572735852505102
0.5016347360212262
-0.16531386416313776
-1.8529963641203704
1.8248684268491557
0.9820179782887424
-1.6678813463771769
-0.24117398155521952
0.2686976046523831
-0.31332188712779985
0.5409071073462
0.5957673287977485
-1.246658825940289
-0.1380986327271233
-0.4013424509456056
1.0841489662781445
-1.3265306811250763
0.5927950325313978
0.6116002756587414
-0.8320919605446448
0.13280321234496545
-0.6556809577757067
-0.30689700472438136
-0.6649847269772855
0.43079827391448483
-0.2517136190548437
-0.16000549755533747
-0.7827278557766393
1.4807650662692597
0.6606861110778592
