"x1"
-0.3251813964593375
-0.09379787815401555
0.2335830136368408
0.7110158380506884
-0.43448172517724687
0.5364389824762817
1.1599711471953684
1.0227614917430141
0.9274983339868011
-0.1967148850250637
0.27640092089848173
1.13439247623041
0.10459663844992664
0.4475343695279719
-0.27027401225233094
-1.5850467716225332
0.6122714650923528
0.14533603801150105
-2.1260171503709886
-1.302753869416089
-1.1896996989455457
-0.9813761982256435
3.881185732445304
1.0112742066078102
0.6867612990841341
0.9459318840554527
0.6714834742335213
-0.8698814822485683
0.11269756824448218
-1.1124956119024905
-0.22128767997348656
0.8027983610695437
-0.617268847201918
-0.43608658415848817
0.6121847811375578
0.9552549153487986
0.4609860752045365
-0.618306026244622
1.9631544369814655
0.06519076847811615
-1.1934106384799892
0.8728283780347008
2.1070775232894006
0.706797534633604
1.0518609758254216
-1.575158879653077
0.7131105289995737
-1.1303000407246007
-0.25121808074221325
0.5339652863816094
0.6752813203007211
1.1697003910018267
0.8463533850394307
-0.5946668589893962
-0.9535764773903037
-1.8857361600888842
-0.3473367986156186
0.342153589504411
0.5172778207597077
0.30587531959919895
2.408912381359593
-0.9271803884882015
0.8824052461183125
-1.3650870299628504
-0.5208452616247286
-0.005375441559078138
-1.3419238180057957
-0.911087815649095
1.6572695598642373
1.622076546203241
1.5083820894727584
-1.8187115421648312
0.46297823229847584
0.287318907358243
0.8088436660210585
0.7700000643641176
-0.19172361832205606
1.4383947894713178
1.2601872155578393
-1.9285584791884927
-0.14217845156064707
0.6215183504282967
0.031722386487616216
-0.9889145453533009
-0.24203322510877154
0.07334834059585502
-1.6335300629606406
0.5412169159230521
-0.5717409927535574
0.22736367139495714
0.7277796505417174
1.5029305285375683
-0.19890594569649503
-0.6023830717447278
0.4821250602108286
1.5551210536262716
0.06955738878164941
-0.4967593544578494
-0.08277719033926285
0.4068933291700409
0.11303552863623754
-1.40588387554246
1.0529764539278357
-0.008829099715299962
-0.2628173831917606
0.9175803357643166
0.8445768105880197
-0.1844354389185501
-0.8753984285037335
0.133388979923682
0.7551998560107982
-1.798914662741901
-1.500063998251366
0.9835305759415637
-0.6060837970897409
0.9908565734210248
-1.6233281417057017
-0.9346901838441384
0.33548330593212733
-1.3028618014226971
-0.22972007016491225
1.2917807037985012
0.07538026968984464
1.1928723647590465
0.33022533987344177
1.7233891194769524
-0.6621146830080729
0.5583406332682148
-0.03327564937885919
-2.026500438655998
0.3207920612929803
-0.9715192937699901
0.5134225208394126
0.8157488412609595
-1.1401805725903917
0.9035463394274975
-0.9060850157821703
-1.9771649428556848
1.5834947660786418
-0.43224278321922993
0.632319695014097
0.674663493851232
-0.8509120891714814
-0.4343082063677524
0.15690264856945058
1.6161426710774094
-0.13305044393592813
0.6762338113757628
-0.6930929188659091
-0.13971669089675623
1.1540346205834442
0.07796190772596105
-2.1348144319406965
1.1481668510401073
0.5818949385624987
-1.335778800985961
-0.46663561249520485
-0.016798426787656622
-1.6918277017366035
-0.5482297089871959
0.8635741049221286
-1.907372461185315
0.6537472040273927
0.37129723162406747
0.5255892603286453
-0.36968050354367116
1.0868448555431471
-0.5337433381711524
2.0715522902347088
-0.7276733519559582
0.8648855166992373
-1.1958076887080231
-0.4002805426493168
0.68284544054739
-1.3971503636830962
0.16009220291235593
1.4646125485386772
1.5283567703062966
1.570333391529718
0.8248016912010699
0.4448069782338902
-1.891483816680497
1.4258102276963391
1.531417503336283
0.555991594639066
0.6738900042967291
-3.1702088216282083
-2.2360462514982427
0.6768119072067132
-0.9244458394272907
0.397123969512393
-1.4486685207402823
-1.1577462043113846
-0.0682130141629286
-0.09192907983695915
-0.24245227363286023
0.5761338607507114
0.2922831552237578
0.49423240800592805
0.8794472103674659
-0.9117582737903402
-1.4219075037195894
0.8056285587656464
0.9583675417138838
1.5830772221091598
-0.7940166575994186
0.5183752005284504
1.8802779480394407
-0.07824794370868436
-0.5389028067090679
-0.8405734155210487
1.5631592403168493
-0.7790672061966345
-0.0077022272033683515
0.4821912007689448
-0.1603161475389031
1.2918936124561344
0.8684447951265682
0.9885208525855349
1.2278188266072896
1.079575339712578
1.0095332553753513
0.33959719191847476
0.2696240030827411
0.30195904581924626
-0.22045818274559492
-0.7738482895251253
-0.7703001720440441
-1.0284338700454407
-0.577749392302404
0.7388669315468668
0.3302152487597011
0.8700522864452753
0.44586383426092807
-0.6036803785161411
-0.5671468585544375
-0.928701983139393
3.3288816502809517
0.22164939131173295
2.1539051532649776
0.16446379795291405
2.1803787004045665
0.5015919193701621
1.04496008441388
0.021206295199006714
-0.07473764732546834
0.7815919330765637
-0.5596612711699341
0.43292801836364875
0.17974341493273602
-0.7248308233341468
1.504986246355577
0.6612423011724259
0.34775477479078715
1.006094219093819
0.19780477695392698
-1.5394554374876654
1.031470430103764
0.19015012647640872
-2.6819089384659023
-0.10725911365457377
0.9987281745802046
0.2685934748854684
0.17922385608498342
-0.3350223821200858
0.8298136754195825
0.6498589595534595
-0.2550044100958993
0.7137483535484864
-0.562723542467162
-1.5663061492882646
-0.19670875935241627
0.618071100264609
