"x1"
1.315845372889509
0.27236940715678176
0.44237536440754566
-1.1966483101519632
0.48457993854995624
1.4147590837932418
1.0451679003902126
-0.1978660512585745
0.32892107972067225
-1.7983067508193347
1.44050014454746
-0.5232908450257276
0.43490251042216804
0.07774415899993356
0.14324697267944667
-0.43422769970595093
0.24387704638876334
-0.12389276233418343
0.42889110309176043
1.189248289168407
0.2059465326047665
1.0218854109275881
-1.1990648633034413
2.3805130457880845
2.1896086828053907
2.1299921566412503
-0.3876601960862665
-0.23211025519653547
0.20626950528981075
1.107610369079468
0.8667513992731141
1.6776251628069427
-1.4298441320561919
-1.3830239105437792
0.5342602064621867
0.27246958339005234
1.194006476255608
0.6546787209966946
-0.35082962248724037
-3.2998673372242706
-1.2318226776506749
0.5439858444482804
0.07864197146839963
-1.8487276149711611
1.4416104879519405
-0.10777043967832316
-0.8292546645643959
-2.1473888794968143
-1.6832553536672863
-1.3931348022399552
-0.30790547349293634
0.8249874857828697
1.5218165841476772
-0.7164282891787297
0.47950897951078386
-1.4667181528682052
1.1199316696113848
0.8156139596767987
0.0070004487465834
-0.5908786155028164
0.6176519877012167
-1.0802915526773837
-0.5479400404577973
-0.5775086066033142
1.2531685427564572
0.6635670227160482
-0.9837700617688029
0.3786665366937789
-0.5108631833174244
0.2624053715987166
-1.610327657115508
-1.774970345560557
-0.6664589298570731
1.9168347916309745
0.16946006431635968
-0.7629697960098806
-0.3844472948370935
-0.19755430324781426
1.0981036441757364
0.15137376741018294
-0.02219010082344566
0.8448917445918529
0.10976960386147405
-0.5595352207192429
-0.5994902973729991
1.633608902780053
0.26006370613694585
0.9401341655808859
-0.0685012247973579
-0.001285241025904152
-0.3853633464639222
0.04414459834517204
0.5447162386574212
-0.36690604870636645
-0.8481863322264408
0.7209794667689048
0.8644553636016384
0.3536205284606749
-0.5303646613019324
-0.5293369148430024
1.3613819954499016
-0.7940239797611804
-0.7610215339100143
-0.9540680773126435
-2.5237081741462037
-0.11409699214027211
-1.9598634773016852
-0.393771885226301
1.5910472716271715
0.26835044888970766
-2.4636405487317976
1.5310536307073936
-0.5231349856686305
0.5834052352999808
0.0710908034488693
-0.6101715120745413
1.8418096591065862
-0.2805179483106536
0.012482929630126925
0.131810280826272
1.0125717358849065
-0.17667143438293495
0.05426780703997661
0.8325802393139106
1.087747714620656
-0.5993789779066115
-1.1748354028598695
0.16820569915460176
-1.9664747492143069
0.13120625565482671
0.5456423760794575
0.8698862875353852
-0.7313536459809381
-0.029032421388993576
0.8411733457277271
-0.15393921542968417
0.19744888376176928
0.08721657095184755
0.22027638095758326
-0.06667541333469505
0.6547909188529611
1.4334553034866289
-0.7529262885715428
-0.11640702062324493
2.2372897146376407
-0.24234887761151688
0.06988294035825175
0.7338834687716466
0.46343871700139805
-0.3537417603088734
0.6731453712002894
-0.3673488735340369
2.5678184926050074
2.3829332688009828
0.788025074720178
0.03131929472379513
0.40581181775924896
-0.9579189021380435
0.6961249481623331
0.6274414959863405
-0.6013073800590963
-0.29438920541698516
-1.0687753523563803
-1.590717875491105
-1.77475537975712
-1.2289146699114444
0.3594649378011311
0.3914757161202707
-1.0896147499394029
1.6896534499381899
0.6401366456031365
-0.611968992291528
0.5578801795245172
0.3740840174093429
1.0538128966794793
0.5808485859606817
-1.5144974371263764
-1.5457001328588873
-0.6568342633255873
1.75361653512699
-1.2924673844405865
-0.531704625724874
-0.6568872906335971
-1.4980375731640485
0.4426684967821496
0.5852478579163195
0.9782334539599744
-0.6877739300923975
-0.04698264740355012
0.9966182023827315
0.691634341443679
0.9599688052642058
1.411140822633309
-0.40406029223492207
0.4255327256712302
2.297379718927148
-1.5605849603481219
-1.3942524420044087
0.1314173853205324
1.30993212700943
-0.06082016257869956
0.746144255590275
-1.2723524619459012
1.9487894951751723
-0.5622708703397821
-0.6132329004972873
0.01661444388338037
2.084230975839466
1.17307772089219
0.38407455255519346
-0.027297428076031215
-1.5785427534891785
-0.8806263500573921
1.8128382404129062
1.2120526922768713
-1.2123395817818958
0.2828548584906828
0.2083343858982014
0.7005253274193878
1.4046974354664667
2.051296173479041
0.34013510486070253
-1.267277818001808
-1.2390463290112987
1.4074495426877813
-0.8565863624820894
-0.19558904050564058
0.4538012969765639
-2.03404111989296
-0.9991007427732405
-0.5201346995287971
0.4662463238027101
0.6952821077325474
-0.792486173126059
0.4031943878399579
0.1422610288642994
0.3893297129374562
0.5165798439917115
-0.5796120837674602
0.572932361603122
-1.2409033850797744
0.1566513785833087
-1.3421848944184471
0.23826183544768417
-0.4965719814337806
1.193523304759714
0.300229124026317
0.4091271950968771
-0.8896698030179703
-0.32605180937465755
-1.7436737820469737
-0.528112745560178
1.4261183841671587
-1.0884645271492055
-0.009721690727751276
-0.8554296175519289
1.0301018336437593
1.675948808787312
-0.15215554740698256
0.2666602308412965
-0.6686180415998987
-0.3688296792504201
-0.30139204675921527
0.06677792368156305
-0.5088012947039371
-0.3523456900970411
0.2886881322327386
-0.2405766371227846
-0.9976974233424214
-0.3622644857512414
0.9993075766592467
-1.2857410076345577
-1.9125255916362285
