"x1"
-0.5966239777750644
-0.7476290941818236
0.029155390852628384
0.5432647222207987
-1.3799494117519566
-0.26789341752678303
1.2031174732577052
0.5298597699295643
0.6761957786050057
-0.06386865172471604
-1.2393905139262216
-0.5488746664028307
-0.7058144997871263
-0.6831165192606748
-0.22252002070596985
1.7706937964032905
-0.21896948233328528
-0.3400047711237515
-1.5284985986402462
-1.6451329157437016
0.7524229006482835
-1.9506609554214425
0.2889628831391274
1.057676544055803
-0.3029363327904504
-0.05296928841245315
-0.6507102923976659
-0.14542671049245184
-1.368244926630669
-0.519320557899062
1.470295737195338
1.5572363505167712
0.3684631477384409
0.5081619011184204
0.2604221820524741
0.3058159778848651
1.28320586813126
-1.1823101025107952
0.42764784894547325
1.2811617802449506
2.241108668592584
-0.14412726298243636
0.11076102648341533
-0.2098813289763843
0.8892570854855737
0.6250797480999492
-2.6859355198155375
-2.4178221929985226
1.9068014643533016
0.4592572350411339
-0.5543379116918582
0.3142470541879781
0.18068578119312048
1.7240997493888905
0.9579341961861723
1.0493399795248515
0.6333409072719554
1.5186056562525565
1.3443834688184633
1.1743054360308232
-0.45328586710320196
0.28266995251821947
-0.3152246053549232
-1.564406345837047
-0.3279004132124575
0.10136012584848114
0.48185171152282236
3.674650905830752
0.43974594518622323
1.3478419848812653
0.18361083646002482
-0.7511215312062411
-0.508229517527222
0.036147989085604265
-1.9092993797859228
-0.7945240177188145
0.4877382228131457
-0.05698515050048146
0.48445559547731903
-0.13631550111067456
-0.3774334615456998
-0.6085226342383042
0.30579603190066873
0.7765867206597947
-1.7013830790611126
-0.6557805885984134
-0.9447039925529708
0.9375149561306794
-0.2541927138510097
0.6517029022832496
0.5108336776548946
-0.32078286680081736
-0.8603608331664081
-0.49675439449019726
-0.8035369335594909
0.6277285343731284
0.36769726355581156
-0.6157201456205924
1.0284460133588496
-0.16213112388244494
-0.1850752915187145
-1.8926947860084775
1.417157713916096
-0.5077750851511744
1.3879753256875775
1.0338017385274405
-1.0597619034787655
-0.3119013095693187
0.7004788228717164
1.4260591296052356
0.9523864304395137
-0.23353416040020303
-1.6287176974185398
-1.4196432017858234
-0.13235092044170307
0.46462440260133414
-0.7696497513302902
0.045921715586601054
1.9704609365191574
0.41169619971993604
-0.1706489105554217
-0.6455045024619596
0.18173659876279089
1.5009277494375197
-1.0795828002193162
2.266405371986802
-0.9797805598228321
0.8763764380873759
-0.9031572361459816
0.5000217077216527
-0.61774903814512
0.009719553671364857
-1.655925143253621
-0.11375361475039204
2.171738867880916
0.868000426033865
-1.6002142637527252
0.9322377550643296
0.39154723684398884
-0.527124115425384
-1.159442647983808
-0.5745368594782939
-0.3806623407190735
-0.07614170627910405
1.0296666117959765
0.36224889185787396
0.7215443340175861
0.012672663443641229
1.8539371796213937
1.264515853717219
0.9080868862510793
0.9109138704372146
0.061170910183903165
-0.3749733377371725
-0.3836750174743366
1.530577886991737
-0.3556753436759662
0.8969569671604968
0.8898285453585003
-0.5951383451265349
0.5363462569851413
0.7758808139205937
0.8633702077444229
-2.4976051768080074
-0.777768260798854
0.828066622932471
-1.1047906579990254
2.2175460326776726
-0.34927768049611924
1.4914425649540721
-0.8319514621204227
-0.5084544203338054
-1.3317483254503675
-0.9057104003486659
1.3132711591463282
1.2438955481358176
-0.2689529342249042
-0.9854285543286404
0.2736152946518711
0.3653010212030925
0.4831207368639038
-0.4282664198442838
-1.0459288516282468
-0.9893939590676774
0.9569259729532862
0.15293262677932837
-0.9453882768816065
-0.08583003059198482
-1.3642962428767218
-1.4959003932261108
2.4742130235679936
-0.8041334130611693
1.0234084540408177
-1.2503520671276553
1.2670493760432762
0.9208862146337952
-0.3783198100333776
0.757937765187531
1.5036418327732988
-0.01026311064362471
0.5400946832891413
-0.7829297193078056
0.2833748983696279
0.9981206495527983
-0.7012636295486827
0.553315598273186
2.552592391676165
-0.5496605186624683
0.37224035412023154
0.17041529758526058
-0.8588574557602183
-0.9626884215934745
1.246864641865504
-0.15064978039135057
-1.0838046953794804
1.2684005895484303
0.30883351758418526
-0.5631946265473178
0.028263365087651374
-0.17552801374342786
-2.4605770343925126
-1.0812552806212485
-0.7919120748531411
0.08321528888854691
1.8549544248163192
-0.3835471724851696
-1.0477393450148698
-1.5616393195752656
0.9428088080721082
0.22395708873072973
-2.1971963156755736
1.0598299471521002
-0.09496881765777765
-0.6470209464874059
-0.7163663990889453
-1.088388885325095
-0.8770998501637374
-0.9260006389417323
0.44430496749754567
-1.8561231291206384
-1.2134846206690366
-1.0914665132195245
0.427230911044572
-2.097994468002044
1.2126642903781286
0.857166850909542
0.1105486234762743
0.1826671530441367
-1.2820962234726132
1.8209242595211503
-0.9366693181689486
1.8439749477228315
0.08683449735586413
-1.9311737490494696
0.7658557911736162
-0.7340358967665036
-0.7206636437598931
-0.4898696562384785
1.352351880319097
-0.4438836351895532
-0.14784956949821226
-1.879411134991948
0.5811775685472281
-0.21289520064436976
-1.1795570958762005
0.01347579521556029
0.308489289774361
0.7216973762959076
1.3268125938885056
-0.00382931671418221
-1.6273830290180287
0.07847859190453939
0.553816789615643
