"x1"
1.581021832928559
-0.36217511892976595
0.1257316010104681
1.2995156738116258
0.8711543807203108
0.1974482068674609
0.8311453470803591
0.8739437894060293
1.247847184335792
-1.2051590907461842
-0.9527791985510788
0.10365167152211775
-0.274915631403413
-0.3400376121342586
0.7028088974765612
1.295327379558709
-0.07655269476595665
0.5685639397113859
-0.09362682884771094
0.8900922052897909
-1.4103390428790277
2.091977731251818
-2.243244140265201
1.0781579472123575
1.5811204568598993
0.21541346068206466
-2.3075066299005154
0.23945121364107827
0.27865146935785107
1.2617593090543275
-1.2852258372960013
-1.9232186446871253
0.5074690966652577
-1.0801712165731574
-0.8364849699273892
-1.3568851689626822
0.5964092499633601
0.3257646061672559
1.5504644543975343
-0.4402789708830445
-0.8716516139582697
-1.1928683985631174
0.387840876066149
0.3449112300730088
1.2829755953224948
-0.6612791677811636
0.062211771764827846
-0.19087089237817684
0.07070236398761608
-0.34354616161658635
0.6670138482714085
-0.5863353895143106
-0.9741496349715362
-1.2845737232475554
-2.3278259734388365
-1.3420678878259626
1.4497689798874418
-0.4204499048241733
0.5555551334206069
0.5482162011716216
0.1115137346943077
0.8475324306622851
0.03397251027196709
0.5377220530630688
0.6688697727156565
0.6494319245356064
2.5301368939741637
-0.06276784650266921
-0.2543379615952724
0.5555370817565144
0.8676875532034029
1.5928386639125003
1.1012913000280857
-1.4111617622414807
-2.056398657156041
-0.6643402518110306
1.7952691925986244
-0.9268284054226356
0.44661382714362413
-1.971095199738132
0.2453250914914433
-1.7626733709833058
-1.2828996639314454
0.5498327922892211
-0.6258083879904177
-1.3820308010585594
-0.8249015568244032
-0.6818534145089684
0.8228754063436396
-0.32181592175113083
0.5067425169029985
0.20657066234811905
-0.8689724539473433
0.03836235729280175
0.7464460709750358
-0.5824712544707383
0.7458216187438516
0.17875609174350585
-1.3275045421595302
1.4016546650004362
1.4066603425793038
0.7750694255960873
2.3950635904676862
0.3389747507303394
1.2915857540966011
-2.938199135104426
-1.3126838966527392
-0.026161043479314933
0.5919264910727129
-0.3824194677000762
-0.32676854846813336
-0.6594381270930725
-1.2117367239225434
3.2061752064630307
1.2902768643522848
0.36849278352383696
0.2953152669002723
1.3933588249486741
0.8446320220895331
-0.6645226270433392
0.9089962412205722
0.6410916081355748
2.1906149844483678
-0.5614793361110966
-0.5024706816603784
1.153613314315257
0.3601941228263616
-1.6655531727248902
2.1365221379445467
-0.8127875388934599
0.7108542554480548
0.14679792878593528
-0.09940712916770839
0.01846739339338867
0.5800508077197172
-0.3170409357632898
-0.4261329979449612
-0.5091629334755
0.1658788184707993
0.13451316954364675
-0.5986538887556384
1.0872089345440075
-0.980958684656651
-0.38666323680874803
-0.1185314906208154
0.5685228602785216
0.6657884018293978
0.3429397403516534
0.9546701047464816
-0.24510454492309006
-0.25051714533413344
-0.33518370008768733
0.7527898511967629
-1.7366321121815806
0.6535330761539855
0.9722001547953214
0.6278157624093886
0.22561876413169393
-0.1992403678264248
1.0798068653450046
0.22174559833363722
0.7344549916794282
1.7453911449339712
-0.9739388579807562
-0.30157477947493
-0.4345004791397536
1.0365562764998435
-0.8075532746271897
0.7637515536657877
-0.04377502514766772
-0.9166402690065881
0.9953296159803651
0.21705581113693093
-0.20861514869448128
-1.3523751494410907
0.508600109670328
-2.3072822641892823
-1.430541093938471
-0.12707006544854202
0.6526596090655286
1.728014000868385
0.7630860040769506
-1.8235900979280606
1.7944549567742119
0.4716911890091591
-2.005160475653397
-1.1436089037569603
-0.21893976551269925
-0.5930320149378475
-1.0254157809401803
-0.969986488959839
0.30478476485874406
0.8749783799098244
0.4014891593698539
-2.289362271414576
-0.3234146148673123
0.6758222836308809
0.4653349763330043
0.19069630529244633
0.6292784318843359
1.0570382729054113
-0.5870021276366312
-0.5395927476061738
0.33247711792446477
-0.09839907113487066
2.173025261961713
0.569994509147734
-0.008273842519671807
1.151820087567897
-0.8059499028026651
-1.2265278356988638
0.7919792226374244
1.0015569273255436
-0.06273182836558044
-1.3444771174733299
0.8897226400646773
2.937080366009201
-1.822297198623382
-1.0330547613678116
-1.201053012989053
0.1598267533957624
-1.8678570745715575
1.0424862957826453
0.06887531005544319
1.525781344664966
1.274355019294321
-0.17528462572224432
0.04320777005734142
-1.5835516860981071
1.4189338133764007
0.14858129651807578
-1.72544871570427
-0.3448784538072755
-1.3490314810110235
-1.0933619370390164
0.11602345375051744
-0.09628275006477373
-0.46687529196423866
0.2398629634647899
-0.9888168180986046
0.2686057821657937
1.0971983003358128
-0.15849946999121667
-0.06484424739493946
-0.9273710652604252
0.7121534494673332
0.10139379390117535
0.3390937246703131
-0.701680249669096
-1.7389927179658966
-1.0389720530194309
0.29589576374818355
-0.1459717980533342
2.4149653275837264
0.9826603975195682
-0.017283248409944205
-0.18461505007991333
-1.8092979696195288
-1.3454375694069587
-0.7031096871447595
0.6937903329602458
-1.1661350648853417
-0.8671837232177408
-1.2206539402407945
0.03021617490651976
-0.49316682875600515
1.043994486877329
0.08965390079796463
1.068843010295247
0.450485861444729
0.9712882964553073
-1.1307647260390952
-1.0195399680776789
