"x1"
-0.8509433909418047
0.27324737036661584
0.37550521793325387
0.9520194007434728
-1.9800481058261548
0.08515042865926357
-0.047401560390203885
-0.31430885726232366
0.5096376419408207
0.2564482490603799
0.6358894291438285
-1.853587347979534
0.8107133393086561
0.15805209501783074
0.5801268247265452
-0.11097011616473478
-0.968495631335264
-0.3932944205816434
-0.24398105965640307
-0.7755615748159076
0.4141377364005208
-0.5166628434843548
1.027203708421631
1.6946075897080082
1.141811151646867
-1.6590256083624966
-1.2510985429860635
-1.8129080859972129
0.08030230987628058
0.06768497017770059
-0.05882844755342239
0.34145173976433635
0.7418283634184728
-2.0293202564834583
-0.37943508095393513
1.0181881198459377
0.41146061594273814
1.9629061282039555
-0.36185121013220634
0.28373260061528055
1.3451054675092162
-0.0903960195768025
-1.7937990709306706
0.1303219176357674
0.5852319578971507
-2.016312302009823
0.6048675257284608
-1.9667015373575083
0.8068041202075592
-0.7041166347858383
-0.15884645940234562
-0.8212799398821331
0.6008662141118304
-1.0462595525321594
0.4936200379838988
0.8799827804381734
-0.8179921288563535
0.9179127674649321
0.6170247376945386
-1.1000611144537504
0.16767842715628672
0.3698850574392642
-0.031811631711579684
1.7703905340943635
1.6385842131796806
0.3043048964765212
1.4004044621746732
-0.38678132255420256
-0.07214330060020557
-1.8482520823304283
-1.8072439278197587
-0.9323499200643035
-1.1248339500507132
1.2406874507301133
-0.7829537487810487
0.6711557247385352
-0.5463514204843334
-2.2664511494119353
0.7869016366010934
-1.6952222498982683
-1.876001453693676
1.1505463381334808
-0.49122712165809845
1.2981320491408768
-1.0322902376344887
0.7247593603218624
-0.9235062155999649
1.1571197704188296
0.9214895507607503
-1.2137664050662749
-0.48469015999812803
-1.729647780094495
-0.179296389930727
1.5717750952582867
1.5443798658654089
-0.7104409321777868
0.34428401925023716
0.9169742008154121
0.3584502609669639
0.9551646420127132
-1.6881906538051628
1.433526179854925
0.9347646060751245
0.5412322025069789
0.05563971518897853
-1.165698188647557
0.22934400903867427
1.5665103465047463
-1.3104336629618025
1.5473029720225218
-0.8914060176064241
-0.592882756115328
0.19267777949174833
0.2967936795558127
-0.9800770097943653
1.5525884913126509
0.12226882778319144
0.013623310199697855
-1.532716977308065
-0.6895878971162016
1.2261016119981485
0.70145056652169
0.43065016491009583
-0.919542358503073
0.43968285581172584
0.12518160952726165
0.8297383775335916
0.7433161377936948
-0.9068904579324358
0.1247165702887233
-0.4813546545121679
1.1440447727426197
-2.5544324189061887
1.2966855422442107
1.5241896998408473
0.18636432805003494
0.0684537246153465
0.37986796200586587
1.5856182558615406
0.29504716170706863
-0.2324691553695336
-0.04199131932352146
0.19704933073599465
0.7499365492229442
1.2980570398932103
-1.0491275282522599
1.0012230549916308
-0.5901075455096684
-0.10093574167703555
0.8808596786366368
-0.22068371158673905
-0.0832885931370503
0.6426275605015915
-0.9223531111136802
-0.06764238471565763
-0.2069101202120425
1.7231632358152367
-0.31730060826513273
0.5108952838374731
-0.38441243810876613
-0.4356135857213939
-1.2582653151459882
0.75344350867091
-0.7936910658990882
-0.09737301026356948
-1.8066881097843657
2.302153286778151
1.0622021920034632
1.1308745710082126
-0.2796580851286431
-0.11966959146108963
-1.816090891122684
0.18084618576980646
-0.5591308897072854
1.2134886486542298
-0.9874103922218505
-0.5900686071947971
-0.7845611339299736
0.0028743219934220868
-0.0552630202417155
-0.22800029682118875
-0.7708849937742287
0.9809377593230834
0.7358967643512474
-0.2679718417010968
-1.0257047375599284
-1.2476753172671444
0.9039696725287698
-0.6106860075596248
-1.806223520882596
-1.3126096629613608
-1.2656122714386258
0.6422261275399307
0.5250028393249248
1.85279678216307
1.8848029156491426
1.195368910871781
0.7884735441921124
-0.28371675579372635
-1.460544912264062
1.5274017211151267
0.6537871967933153
0.340966518564607
-2.3140483205133644
-1.7737175188390877
-2.140364216271397
1.4962715810758362
0.1372181912933022
-0.5015753289046493
-0.8147813983828442
-0.3135315982309414
-1.4528319444655016
-0.782475618760485
-0.4827181997289829
-1.5208740685736215
-0.8934605883129437
0.37300076418892303
1.7218412083101715
-1.5014890257682911
1.8692820416253946
2.0515109666889195
-1.1467154402847
-0.02362221169458579
1.5378036565204525
-0.22741362032182078
0.5726557571193949
-1.2889277505883703
0.8189129572397361
0.5882369920486092
-0.2078149726625731
-1.4777738218343286
1.5186833864767848
-1.123377928722205
-0.9359937329336517
0.1495670319473257
-1.4343849240850253
1.2196675023045909
0.09303869233058568
-0.40338109511631687
0.5274554001315646
-0.8096975130534145
0.6953127583222617
0.5865982296332225
-0.5653644085607314
-0.07039761336337891
-0.9049832018220222
-0.5727888587417695
0.7287536073675084
-1.827018328415296
1.3741125435327874
0.4963626418825875
-1.2450979346171243
-0.879448183433571
-1.5425712163399738
0.983173342253983
1.6911077057908563
-1.7911278722974553
-1.6759478899149443
-0.6380218142719988
0.40440203017269233
1.0894400447028418
0.6884090469584776
1.5372038886469548
-0.9219519932888504
0.8446149554145622
0.9648316039090541
-1.051040962089567
-1.0810387487114828
-0.04604323484887144
0.6855858014202046
-1.5509043788082402
0.2854596950990919
-0.27127487410766926
