"X"
1.0e9
0.0
0.06629308821283443
-0.05923655082532613
0.5739376005141159
1.945638682634179
0.2215342224082668
-0.6252035139465473
-1.251615804718165
-1.5157499628787392
1.626932073175896
0.3647288012388253
-1.126903574967054
0.6671311678573921
0.6942094916065752
-0.7635701474948696
0.37317056391827524
0.05808694745911456
-1.0220969685854937
-0.13158012367484012
2.132902631158933
2.4960264193720203
-0.19620236133072125
1.187182302534469
-0.4447844809292881
-0.9418960149209173
-0.7155333718445059
1.9381712388533516
1.435655089702778
0.6842205508151751
-1.1638967031710192
0.40981568024854237
-0.5253865007802393
0.11502872380787903
-0.376260089342437
0.8070843099912867
-1.3482216125218585
0.19465124685034726
0.5852026597185799
-3.190179933782018
-1.0331520869009307
1.476238790435264
-0.14575512943129162
1.4161075928175109
-2.42289690312878
0.32049583498772233
-0.14508895591419446
-0.45068145605173177
1.1763419603523169
-0.8485483638296333
0.526382644256321
-0.1442916433481024
1.1208639060106325
-0.2487904104132738
1.0797639485139627
1.0583433417959034
0.3867625606811552
-1.077759862588644
0.0662338521929245
0.2969921766442042
-0.7313220075272209
1.3547189611436776
0.8971321024734207
-0.6132464639698019
-0.3239514970054963
-0.12867712928974281
-0.7000768371448146
-1.128959013754803
-0.5373017886685751
-0.6667560576563255
-1.2285763067841395
0.973774734948476
-0.23534072363117678
-0.3307894088376052
0.24633735322463293
-0.9397719946768284
1.0225004929792343
0.7430642546246197
-0.7155714446335218
2.145041117816406
-0.8392577168225277
1.1101291324993312
0.5437930819305128
0.13781735164073683
-0.3066651840452884
-0.9620200115238203
-0.4844857713173209
0.19538519955497644
-0.7395960372273748
-0.7240204436876803
-0.636537074069402
-0.4992864687500994
-0.9601007507823011
1.2803456975211354
-1.2313783918861183
-1.003572710042744
0.613836948145386
-1.1215218859772478
0.6467404156251192
-0.522782101585834
0.7345874970439166
0.5787987186340333
0.7097994589562786
-0.42521733660333033
0.14074326860222042
1.1606328780672692
0.14142928279877032
-0.7597245134709356
1.456432454925824
-1.38370031535736
0.9996001580227529
-0.356310535185589
0.02098710256994895
-0.49513708102376564
-0.387441507007861
-0.6980634143614856
1.1525506055347403
0.08219270003515022
1.3961417365694129
-0.004608083858342669
0.09000342582681697
0.9023324807486174
-1.976249356948683
0.808650088592429
-1.7880861995724064
1.247264368572746
-0.9124019595893875
1.0083825597644336
-0.22493413710731763
0.38170729452164776
-1.5209925738531431
-0.13789563022477797
0.4680094390103508
1.4568771422911497
-0.6549628881680113
0.6466539638192615
-0.9626773759550453
1.195483780603099
0.47492402331050565
0.6145792955114769
1.9014494368480332
-1.0900992665917608
0.17622395870917903
-1.5966492018024152
-1.247502562809209
-1.1156216844453508
1.7130518408165702
-1.5738253478995994
-0.07151346946871301
-2.2498935874187787
0.04103627832532178
0.5882176734543739
-0.19874735795790519
0.3111226924897315
-0.9259284367586936
-0.086760266203284
-2.7405678042021906
0.27203254764295043
1.3340747029757027
-0.8053987740963642
0.4068855863579507
-0.48986177677672527
0.4441502740353851
-0.46295197792310777
-1.697963851897834
0.019862755088003302
1.4365937148712908
-0.8591078896929304
-0.9517115290051943
-1.0773463590369081
-1.96535104683035
0.3038339270342204
0.8377946664738305
1.5863710859472575
-0.8993346421761638
-0.3830329104078277
0.05973756404730307
0.25251934861717745
0.45970849803162955
0.8513547864857286
-0.0668225465515266
-0.5092262169572018
-0.73397583900046
-0.19536697200368816
-0.3576107787402214
0.5374432394743737
1.3728389883406873
-0.8980807276326735
0.11402219302180193
-0.1962975695343314
0.5911980608009775
-0.7798259839261528
-1.8533476947058067
0.40092470857608487
0.14661804693800462
-0.7197667342151148
-0.3962224047268785
0.11818096189216477
1.1934046801000615
-1.4628809182506843
-1.2785339865381335
0.11769051668648066
0.8033171517722144
0.06053685156498789
-0.6000626658657474
-0.3674498206094991
-0.37339105721259275
0.21708661441795737
-0.9480074556828527
-0.4484003740448198
1.1815301463229197
-0.9372039816058407
-1.5908672394650998
-0.967609383395325
-0.11426365553631417
-1.304398877740745
0.9883773986892654
1.7195280538408282
-1.0974516118946542
0.43286611649681184
0.6790472982228173
-0.49713431136826575
-1.7494853642655463
0.7029148547658592
-0.29708647063049504
-0.7302124856641007
1.3258372103986422
-0.510342184566191
-0.22581789398313135
0.4630832926989263
0.20180002996365884
-0.6013042337806673
0.7482259880885599
-0.4314484836508953
-1.6690373135698207
0.2934003761316138
0.3657852026174077
-0.055745891958271176
0.995235626149386
-0.06030255347582238
1.5272095413879494
2.802453957288956
-0.3844353537562641
-0.4628875745536458
-0.03711102156883057
0.44528645791058274
0.515742427300636
-1.388913508926217
-0.787263780870075
-0.17037173108542322
-0.275033433438794
-1.086624929551867
-0.9903946178023566
-1.1748251295164585
2.1957928326665512
0.250283315875969
1.6425748463694967
-0.531795760089369
0.7620485730471732
1.0491646432954387
-0.7395385601178235
-0.2758756684880853
0.9276384731640036
-1.6071397116715884
1.6508151882766782
0.7351821353086481
-1.229202354751548
-0.3272030863620357
-0.7047250465051693
-1.4509565008088647
0.24563054664971512
-1.1535599304875046
0.632918041583744
2.524516018273909
0.8753854182432277
