"X"
1.0e9
0.0
-1.0
0.5034
2.817e-5
-0.0003464
-0.4323
23.92
37.34
0.5587
-0.0006663
0.000229
0.01286
0.0215
-0.142
0.3429
0.005348
-0.07344
-0.003916
-0.0001831
0.01453
-1.494
-0.02858
0.2196
3.144
5.045
3.053
-8.305
1.826
-1.098
1.48
-0.4179
0.0006365
-6.171
0.16
-0.7886
-0.3211
239.3
42.07
-1.771
0.002482
-8.02e10
-1.352e13
0.02341
0.0848
0.936
0.1285
0.01765
-0.02103
0.07735
-0.2283
-0.03843
-0.001491
-0.02651
-0.4965
-0.1274
-0.01356
0.06873
0.7616
-0.3912
0.01622
-0.1273
-0.3957
0.1004
-0.08501
-0.2722
-0.002678
-0.003174
-0.0566
0.1464
0.02227
0.8276
0.2038
-0.001816
-1.021
0.0003342
-0.01497
0.1795
-0.1054
3.336e-6
0.004252
5.395e-5
-0.0823
0.0005535
0.0003132
1.874e-8
-3.121e-6
0.03894
-0.00235
-0.0001079
0.01793
-9.003e-6
-6.918e-5
0.207
1.191e-5
0.0001556
4.454e-5
4.638e-6
-4.582e-7
2.866e-7
-0.0004484
0.00114
-0.01051
0.01703
0.0001066
0.01347
-15.55
76.61
0.04629
14.66
-15.1
-0.5519
0.009846
3.946e-6
-0.002033
-1.497e-6
4.634e-6
-0.005143
8.317e-5
2.255
-0.002889
0.0006929
0.0007405
1.157e-5
0.002796
-0.2055
-0.02964
1.202
-0.02964
0.04805
0.01148
61.07
2.865
9.505
-0.007862
4.085
8.807e-5
-3.481e-5
-5.042e-5
-5.177e-6
-0.001943
0.05398
0.1045
55.56
-0.2556
-21.74
-0.0001677
0.002291
-0.002497
-0.08304
0.008358
-0.1211
-0.0857
-0.0007313
0.01891
-0.2156
-1.197e-5
-7.309e-6
8.919e-6
-0.0005639
1.397
-0.005973
0.1749
0.2753
0.5314
0.8777
-0.05725
-0.0001433
0.005962
0.00441
0.4944
-0.04444
0.1578
0.0003109
-0.02244
-1.321e-6
-0.001261
1.167
-2.27e-5
0.0002175
-0.0004261
1.26e-5
8.906e-7
-0.01293
-0.0007181
-0.0001348
-0.002011
-0.002984
-0.01247
0.00419
0.03223
0.03941
-0.003908
2.019
-0.06021
-0.3248
0.0008453
7.237
6.081
-7.725e-12
8.615
0.113
4.198
6.656
-0.0001148
-2.789e-5
9.587e-8
0.01177
-0.008426
0.03798
0.06125
1.144
0.05618
-0.0002463
0.09161
0.002664
0.02127
-0.003537
0.001665
0.004962
-7.587e-6
0.01787
0.007409
1.682e-5
-0.05453
-0.002446
0.0006679
-1.037
-0.03354
-0.0002736
0.002664
-0.003287
0.08511
-0.03196
-2.64
-0.6443
125.7
9.889e-6
-0.0006784
-9.726e-6
-0.03183
0.004782
0.001857
0.001224
3.736e-5
0.0004157
7.191e-5
-1.336e-5
-0.000873
0.01254
0.0002938
0.1499
0.02766
0.001042
-0.000272
0.001906
-6.302e-6
0.005813
0.01072
0.07741
0.007955
